{
 "cells": [
  {
   "cell_type": "code",
   "execution_count": 36,
   "metadata": {},
   "outputs": [],
   "source": [
    "import pandas as pd\n",
    "import numpy as np"
   ]
  },
  {
   "cell_type": "code",
   "execution_count": 4,
   "metadata": {},
   "outputs": [],
   "source": [
    "from sklearn.datasets import load_boston\n",
    "boston = load_boston()"
   ]
  },
  {
   "cell_type": "code",
   "execution_count": 5,
   "metadata": {},
   "outputs": [
    {
     "name": "stdout",
     "output_type": "stream",
     "text": [
      "(506, 13)\n"
     ]
    }
   ],
   "source": [
    "print(boston.data.shape)"
   ]
  },
  {
   "cell_type": "code",
   "execution_count": 8,
   "metadata": {},
   "outputs": [
    {
     "data": {
      "text/plain": [
       "array([[6.3200e-03, 1.8000e+01, 2.3100e+00, ..., 1.5300e+01, 3.9690e+02,\n",
       "        4.9800e+00],\n",
       "       [2.7310e-02, 0.0000e+00, 7.0700e+00, ..., 1.7800e+01, 3.9690e+02,\n",
       "        9.1400e+00],\n",
       "       [2.7290e-02, 0.0000e+00, 7.0700e+00, ..., 1.7800e+01, 3.9283e+02,\n",
       "        4.0300e+00],\n",
       "       ...,\n",
       "       [6.0760e-02, 0.0000e+00, 1.1930e+01, ..., 2.1000e+01, 3.9690e+02,\n",
       "        5.6400e+00],\n",
       "       [1.0959e-01, 0.0000e+00, 1.1930e+01, ..., 2.1000e+01, 3.9345e+02,\n",
       "        6.4800e+00],\n",
       "       [4.7410e-02, 0.0000e+00, 1.1930e+01, ..., 2.1000e+01, 3.9690e+02,\n",
       "        7.8800e+00]])"
      ]
     },
     "execution_count": 8,
     "metadata": {},
     "output_type": "execute_result"
    }
   ],
   "source": [
    "boston.data"
   ]
  },
  {
   "cell_type": "code",
   "execution_count": 10,
   "metadata": {},
   "outputs": [
    {
     "name": "stdout",
     "output_type": "stream",
     "text": [
      "dict_keys(['data', 'target', 'feature_names', 'DESCR', 'filename'])\n"
     ]
    }
   ],
   "source": [
    "print(boston.keys())"
   ]
  },
  {
   "cell_type": "code",
   "execution_count": 11,
   "metadata": {},
   "outputs": [
    {
     "data": {
      "text/html": [
       "<div>\n",
       "<style scoped>\n",
       "    .dataframe tbody tr th:only-of-type {\n",
       "        vertical-align: middle;\n",
       "    }\n",
       "\n",
       "    .dataframe tbody tr th {\n",
       "        vertical-align: top;\n",
       "    }\n",
       "\n",
       "    .dataframe thead th {\n",
       "        text-align: right;\n",
       "    }\n",
       "</style>\n",
       "<table border=\"1\" class=\"dataframe\">\n",
       "  <thead>\n",
       "    <tr style=\"text-align: right;\">\n",
       "      <th></th>\n",
       "      <th>CRIM</th>\n",
       "      <th>ZN</th>\n",
       "      <th>INDUS</th>\n",
       "      <th>CHAS</th>\n",
       "      <th>NOX</th>\n",
       "      <th>RM</th>\n",
       "      <th>AGE</th>\n",
       "      <th>DIS</th>\n",
       "      <th>RAD</th>\n",
       "      <th>TAX</th>\n",
       "      <th>PTRATIO</th>\n",
       "      <th>B</th>\n",
       "      <th>LSTAT</th>\n",
       "    </tr>\n",
       "  </thead>\n",
       "  <tbody>\n",
       "    <tr>\n",
       "      <th>0</th>\n",
       "      <td>0.00632</td>\n",
       "      <td>18.0</td>\n",
       "      <td>2.31</td>\n",
       "      <td>0.0</td>\n",
       "      <td>0.538</td>\n",
       "      <td>6.575</td>\n",
       "      <td>65.2</td>\n",
       "      <td>4.0900</td>\n",
       "      <td>1.0</td>\n",
       "      <td>296.0</td>\n",
       "      <td>15.3</td>\n",
       "      <td>396.90</td>\n",
       "      <td>4.98</td>\n",
       "    </tr>\n",
       "    <tr>\n",
       "      <th>1</th>\n",
       "      <td>0.02731</td>\n",
       "      <td>0.0</td>\n",
       "      <td>7.07</td>\n",
       "      <td>0.0</td>\n",
       "      <td>0.469</td>\n",
       "      <td>6.421</td>\n",
       "      <td>78.9</td>\n",
       "      <td>4.9671</td>\n",
       "      <td>2.0</td>\n",
       "      <td>242.0</td>\n",
       "      <td>17.8</td>\n",
       "      <td>396.90</td>\n",
       "      <td>9.14</td>\n",
       "    </tr>\n",
       "    <tr>\n",
       "      <th>2</th>\n",
       "      <td>0.02729</td>\n",
       "      <td>0.0</td>\n",
       "      <td>7.07</td>\n",
       "      <td>0.0</td>\n",
       "      <td>0.469</td>\n",
       "      <td>7.185</td>\n",
       "      <td>61.1</td>\n",
       "      <td>4.9671</td>\n",
       "      <td>2.0</td>\n",
       "      <td>242.0</td>\n",
       "      <td>17.8</td>\n",
       "      <td>392.83</td>\n",
       "      <td>4.03</td>\n",
       "    </tr>\n",
       "    <tr>\n",
       "      <th>3</th>\n",
       "      <td>0.03237</td>\n",
       "      <td>0.0</td>\n",
       "      <td>2.18</td>\n",
       "      <td>0.0</td>\n",
       "      <td>0.458</td>\n",
       "      <td>6.998</td>\n",
       "      <td>45.8</td>\n",
       "      <td>6.0622</td>\n",
       "      <td>3.0</td>\n",
       "      <td>222.0</td>\n",
       "      <td>18.7</td>\n",
       "      <td>394.63</td>\n",
       "      <td>2.94</td>\n",
       "    </tr>\n",
       "    <tr>\n",
       "      <th>4</th>\n",
       "      <td>0.06905</td>\n",
       "      <td>0.0</td>\n",
       "      <td>2.18</td>\n",
       "      <td>0.0</td>\n",
       "      <td>0.458</td>\n",
       "      <td>7.147</td>\n",
       "      <td>54.2</td>\n",
       "      <td>6.0622</td>\n",
       "      <td>3.0</td>\n",
       "      <td>222.0</td>\n",
       "      <td>18.7</td>\n",
       "      <td>396.90</td>\n",
       "      <td>5.33</td>\n",
       "    </tr>\n",
       "  </tbody>\n",
       "</table>\n",
       "</div>"
      ],
      "text/plain": [
       "      CRIM    ZN  INDUS  CHAS    NOX     RM   AGE     DIS  RAD    TAX  \\\n",
       "0  0.00632  18.0   2.31   0.0  0.538  6.575  65.2  4.0900  1.0  296.0   \n",
       "1  0.02731   0.0   7.07   0.0  0.469  6.421  78.9  4.9671  2.0  242.0   \n",
       "2  0.02729   0.0   7.07   0.0  0.469  7.185  61.1  4.9671  2.0  242.0   \n",
       "3  0.03237   0.0   2.18   0.0  0.458  6.998  45.8  6.0622  3.0  222.0   \n",
       "4  0.06905   0.0   2.18   0.0  0.458  7.147  54.2  6.0622  3.0  222.0   \n",
       "\n",
       "   PTRATIO       B  LSTAT  \n",
       "0     15.3  396.90   4.98  \n",
       "1     17.8  396.90   9.14  \n",
       "2     17.8  392.83   4.03  \n",
       "3     18.7  394.63   2.94  \n",
       "4     18.7  396.90   5.33  "
      ]
     },
     "execution_count": 11,
     "metadata": {},
     "output_type": "execute_result"
    }
   ],
   "source": [
    "boston_data = pd.DataFrame(boston.data, columns=boston.feature_names)\n",
    "boston_data.head()"
   ]
  },
  {
   "cell_type": "code",
   "execution_count": 13,
   "metadata": {},
   "outputs": [],
   "source": [
    "boston_data['MEDV']=boston.target"
   ]
  },
  {
   "cell_type": "code",
   "execution_count": 14,
   "metadata": {},
   "outputs": [
    {
     "data": {
      "text/html": [
       "<div>\n",
       "<style scoped>\n",
       "    .dataframe tbody tr th:only-of-type {\n",
       "        vertical-align: middle;\n",
       "    }\n",
       "\n",
       "    .dataframe tbody tr th {\n",
       "        vertical-align: top;\n",
       "    }\n",
       "\n",
       "    .dataframe thead th {\n",
       "        text-align: right;\n",
       "    }\n",
       "</style>\n",
       "<table border=\"1\" class=\"dataframe\">\n",
       "  <thead>\n",
       "    <tr style=\"text-align: right;\">\n",
       "      <th></th>\n",
       "      <th>CRIM</th>\n",
       "      <th>ZN</th>\n",
       "      <th>INDUS</th>\n",
       "      <th>CHAS</th>\n",
       "      <th>NOX</th>\n",
       "      <th>RM</th>\n",
       "      <th>AGE</th>\n",
       "      <th>DIS</th>\n",
       "      <th>RAD</th>\n",
       "      <th>TAX</th>\n",
       "      <th>PTRATIO</th>\n",
       "      <th>B</th>\n",
       "      <th>LSTAT</th>\n",
       "      <th>MEDV</th>\n",
       "    </tr>\n",
       "  </thead>\n",
       "  <tbody>\n",
       "    <tr>\n",
       "      <th>0</th>\n",
       "      <td>0.00632</td>\n",
       "      <td>18.0</td>\n",
       "      <td>2.31</td>\n",
       "      <td>0.0</td>\n",
       "      <td>0.538</td>\n",
       "      <td>6.575</td>\n",
       "      <td>65.2</td>\n",
       "      <td>4.0900</td>\n",
       "      <td>1.0</td>\n",
       "      <td>296.0</td>\n",
       "      <td>15.3</td>\n",
       "      <td>396.90</td>\n",
       "      <td>4.98</td>\n",
       "      <td>24.0</td>\n",
       "    </tr>\n",
       "    <tr>\n",
       "      <th>1</th>\n",
       "      <td>0.02731</td>\n",
       "      <td>0.0</td>\n",
       "      <td>7.07</td>\n",
       "      <td>0.0</td>\n",
       "      <td>0.469</td>\n",
       "      <td>6.421</td>\n",
       "      <td>78.9</td>\n",
       "      <td>4.9671</td>\n",
       "      <td>2.0</td>\n",
       "      <td>242.0</td>\n",
       "      <td>17.8</td>\n",
       "      <td>396.90</td>\n",
       "      <td>9.14</td>\n",
       "      <td>21.6</td>\n",
       "    </tr>\n",
       "    <tr>\n",
       "      <th>2</th>\n",
       "      <td>0.02729</td>\n",
       "      <td>0.0</td>\n",
       "      <td>7.07</td>\n",
       "      <td>0.0</td>\n",
       "      <td>0.469</td>\n",
       "      <td>7.185</td>\n",
       "      <td>61.1</td>\n",
       "      <td>4.9671</td>\n",
       "      <td>2.0</td>\n",
       "      <td>242.0</td>\n",
       "      <td>17.8</td>\n",
       "      <td>392.83</td>\n",
       "      <td>4.03</td>\n",
       "      <td>34.7</td>\n",
       "    </tr>\n",
       "    <tr>\n",
       "      <th>3</th>\n",
       "      <td>0.03237</td>\n",
       "      <td>0.0</td>\n",
       "      <td>2.18</td>\n",
       "      <td>0.0</td>\n",
       "      <td>0.458</td>\n",
       "      <td>6.998</td>\n",
       "      <td>45.8</td>\n",
       "      <td>6.0622</td>\n",
       "      <td>3.0</td>\n",
       "      <td>222.0</td>\n",
       "      <td>18.7</td>\n",
       "      <td>394.63</td>\n",
       "      <td>2.94</td>\n",
       "      <td>33.4</td>\n",
       "    </tr>\n",
       "    <tr>\n",
       "      <th>4</th>\n",
       "      <td>0.06905</td>\n",
       "      <td>0.0</td>\n",
       "      <td>2.18</td>\n",
       "      <td>0.0</td>\n",
       "      <td>0.458</td>\n",
       "      <td>7.147</td>\n",
       "      <td>54.2</td>\n",
       "      <td>6.0622</td>\n",
       "      <td>3.0</td>\n",
       "      <td>222.0</td>\n",
       "      <td>18.7</td>\n",
       "      <td>396.90</td>\n",
       "      <td>5.33</td>\n",
       "      <td>36.2</td>\n",
       "    </tr>\n",
       "  </tbody>\n",
       "</table>\n",
       "</div>"
      ],
      "text/plain": [
       "      CRIM    ZN  INDUS  CHAS    NOX     RM   AGE     DIS  RAD    TAX  \\\n",
       "0  0.00632  18.0   2.31   0.0  0.538  6.575  65.2  4.0900  1.0  296.0   \n",
       "1  0.02731   0.0   7.07   0.0  0.469  6.421  78.9  4.9671  2.0  242.0   \n",
       "2  0.02729   0.0   7.07   0.0  0.469  7.185  61.1  4.9671  2.0  242.0   \n",
       "3  0.03237   0.0   2.18   0.0  0.458  6.998  45.8  6.0622  3.0  222.0   \n",
       "4  0.06905   0.0   2.18   0.0  0.458  7.147  54.2  6.0622  3.0  222.0   \n",
       "\n",
       "   PTRATIO       B  LSTAT  MEDV  \n",
       "0     15.3  396.90   4.98  24.0  \n",
       "1     17.8  396.90   9.14  21.6  \n",
       "2     17.8  392.83   4.03  34.7  \n",
       "3     18.7  394.63   2.94  33.4  \n",
       "4     18.7  396.90   5.33  36.2  "
      ]
     },
     "execution_count": 14,
     "metadata": {},
     "output_type": "execute_result"
    }
   ],
   "source": [
    "boston_data.head()"
   ]
  },
  {
   "cell_type": "code",
   "execution_count": 16,
   "metadata": {},
   "outputs": [
    {
     "data": {
      "text/plain": [
       "CRIM       0\n",
       "ZN         0\n",
       "INDUS      0\n",
       "CHAS       0\n",
       "NOX        0\n",
       "RM         0\n",
       "AGE        0\n",
       "DIS        0\n",
       "RAD        0\n",
       "TAX        0\n",
       "PTRATIO    0\n",
       "B          0\n",
       "LSTAT      0\n",
       "MEDV       0\n",
       "dtype: int64"
      ]
     },
     "execution_count": 16,
     "metadata": {},
     "output_type": "execute_result"
    }
   ],
   "source": [
    "boston_data.isnull().sum()"
   ]
  },
  {
   "cell_type": "code",
   "execution_count": null,
   "metadata": {},
   "outputs": [],
   "source": []
  },
  {
   "cell_type": "code",
   "execution_count": 19,
   "metadata": {},
   "outputs": [
    {
     "data": {
      "text/html": [
       "<div>\n",
       "<style scoped>\n",
       "    .dataframe tbody tr th:only-of-type {\n",
       "        vertical-align: middle;\n",
       "    }\n",
       "\n",
       "    .dataframe tbody tr th {\n",
       "        vertical-align: top;\n",
       "    }\n",
       "\n",
       "    .dataframe thead th {\n",
       "        text-align: right;\n",
       "    }\n",
       "</style>\n",
       "<table border=\"1\" class=\"dataframe\">\n",
       "  <thead>\n",
       "    <tr style=\"text-align: right;\">\n",
       "      <th></th>\n",
       "      <th>CRIM</th>\n",
       "      <th>ZN</th>\n",
       "      <th>INDUS</th>\n",
       "      <th>CHAS</th>\n",
       "      <th>NOX</th>\n",
       "      <th>RM</th>\n",
       "      <th>AGE</th>\n",
       "      <th>DIS</th>\n",
       "      <th>RAD</th>\n",
       "      <th>TAX</th>\n",
       "      <th>PTRATIO</th>\n",
       "      <th>B</th>\n",
       "      <th>LSTAT</th>\n",
       "      <th>MEDV</th>\n",
       "    </tr>\n",
       "  </thead>\n",
       "  <tbody>\n",
       "    <tr>\n",
       "      <th>CRIM</th>\n",
       "      <td>1.000000</td>\n",
       "      <td>-0.200469</td>\n",
       "      <td>0.406583</td>\n",
       "      <td>-0.055892</td>\n",
       "      <td>0.420972</td>\n",
       "      <td>-0.219247</td>\n",
       "      <td>0.352734</td>\n",
       "      <td>-0.379670</td>\n",
       "      <td>0.625505</td>\n",
       "      <td>0.582764</td>\n",
       "      <td>0.289946</td>\n",
       "      <td>-0.385064</td>\n",
       "      <td>0.455621</td>\n",
       "      <td>-0.388305</td>\n",
       "    </tr>\n",
       "    <tr>\n",
       "      <th>ZN</th>\n",
       "      <td>-0.200469</td>\n",
       "      <td>1.000000</td>\n",
       "      <td>-0.533828</td>\n",
       "      <td>-0.042697</td>\n",
       "      <td>-0.516604</td>\n",
       "      <td>0.311991</td>\n",
       "      <td>-0.569537</td>\n",
       "      <td>0.664408</td>\n",
       "      <td>-0.311948</td>\n",
       "      <td>-0.314563</td>\n",
       "      <td>-0.391679</td>\n",
       "      <td>0.175520</td>\n",
       "      <td>-0.412995</td>\n",
       "      <td>0.360445</td>\n",
       "    </tr>\n",
       "    <tr>\n",
       "      <th>INDUS</th>\n",
       "      <td>0.406583</td>\n",
       "      <td>-0.533828</td>\n",
       "      <td>1.000000</td>\n",
       "      <td>0.062938</td>\n",
       "      <td>0.763651</td>\n",
       "      <td>-0.391676</td>\n",
       "      <td>0.644779</td>\n",
       "      <td>-0.708027</td>\n",
       "      <td>0.595129</td>\n",
       "      <td>0.720760</td>\n",
       "      <td>0.383248</td>\n",
       "      <td>-0.356977</td>\n",
       "      <td>0.603800</td>\n",
       "      <td>-0.483725</td>\n",
       "    </tr>\n",
       "    <tr>\n",
       "      <th>CHAS</th>\n",
       "      <td>-0.055892</td>\n",
       "      <td>-0.042697</td>\n",
       "      <td>0.062938</td>\n",
       "      <td>1.000000</td>\n",
       "      <td>0.091203</td>\n",
       "      <td>0.091251</td>\n",
       "      <td>0.086518</td>\n",
       "      <td>-0.099176</td>\n",
       "      <td>-0.007368</td>\n",
       "      <td>-0.035587</td>\n",
       "      <td>-0.121515</td>\n",
       "      <td>0.048788</td>\n",
       "      <td>-0.053929</td>\n",
       "      <td>0.175260</td>\n",
       "    </tr>\n",
       "    <tr>\n",
       "      <th>NOX</th>\n",
       "      <td>0.420972</td>\n",
       "      <td>-0.516604</td>\n",
       "      <td>0.763651</td>\n",
       "      <td>0.091203</td>\n",
       "      <td>1.000000</td>\n",
       "      <td>-0.302188</td>\n",
       "      <td>0.731470</td>\n",
       "      <td>-0.769230</td>\n",
       "      <td>0.611441</td>\n",
       "      <td>0.668023</td>\n",
       "      <td>0.188933</td>\n",
       "      <td>-0.380051</td>\n",
       "      <td>0.590879</td>\n",
       "      <td>-0.427321</td>\n",
       "    </tr>\n",
       "    <tr>\n",
       "      <th>RM</th>\n",
       "      <td>-0.219247</td>\n",
       "      <td>0.311991</td>\n",
       "      <td>-0.391676</td>\n",
       "      <td>0.091251</td>\n",
       "      <td>-0.302188</td>\n",
       "      <td>1.000000</td>\n",
       "      <td>-0.240265</td>\n",
       "      <td>0.205246</td>\n",
       "      <td>-0.209847</td>\n",
       "      <td>-0.292048</td>\n",
       "      <td>-0.355501</td>\n",
       "      <td>0.128069</td>\n",
       "      <td>-0.613808</td>\n",
       "      <td>0.695360</td>\n",
       "    </tr>\n",
       "    <tr>\n",
       "      <th>AGE</th>\n",
       "      <td>0.352734</td>\n",
       "      <td>-0.569537</td>\n",
       "      <td>0.644779</td>\n",
       "      <td>0.086518</td>\n",
       "      <td>0.731470</td>\n",
       "      <td>-0.240265</td>\n",
       "      <td>1.000000</td>\n",
       "      <td>-0.747881</td>\n",
       "      <td>0.456022</td>\n",
       "      <td>0.506456</td>\n",
       "      <td>0.261515</td>\n",
       "      <td>-0.273534</td>\n",
       "      <td>0.602339</td>\n",
       "      <td>-0.376955</td>\n",
       "    </tr>\n",
       "    <tr>\n",
       "      <th>DIS</th>\n",
       "      <td>-0.379670</td>\n",
       "      <td>0.664408</td>\n",
       "      <td>-0.708027</td>\n",
       "      <td>-0.099176</td>\n",
       "      <td>-0.769230</td>\n",
       "      <td>0.205246</td>\n",
       "      <td>-0.747881</td>\n",
       "      <td>1.000000</td>\n",
       "      <td>-0.494588</td>\n",
       "      <td>-0.534432</td>\n",
       "      <td>-0.232471</td>\n",
       "      <td>0.291512</td>\n",
       "      <td>-0.496996</td>\n",
       "      <td>0.249929</td>\n",
       "    </tr>\n",
       "    <tr>\n",
       "      <th>RAD</th>\n",
       "      <td>0.625505</td>\n",
       "      <td>-0.311948</td>\n",
       "      <td>0.595129</td>\n",
       "      <td>-0.007368</td>\n",
       "      <td>0.611441</td>\n",
       "      <td>-0.209847</td>\n",
       "      <td>0.456022</td>\n",
       "      <td>-0.494588</td>\n",
       "      <td>1.000000</td>\n",
       "      <td>0.910228</td>\n",
       "      <td>0.464741</td>\n",
       "      <td>-0.444413</td>\n",
       "      <td>0.488676</td>\n",
       "      <td>-0.381626</td>\n",
       "    </tr>\n",
       "    <tr>\n",
       "      <th>TAX</th>\n",
       "      <td>0.582764</td>\n",
       "      <td>-0.314563</td>\n",
       "      <td>0.720760</td>\n",
       "      <td>-0.035587</td>\n",
       "      <td>0.668023</td>\n",
       "      <td>-0.292048</td>\n",
       "      <td>0.506456</td>\n",
       "      <td>-0.534432</td>\n",
       "      <td>0.910228</td>\n",
       "      <td>1.000000</td>\n",
       "      <td>0.460853</td>\n",
       "      <td>-0.441808</td>\n",
       "      <td>0.543993</td>\n",
       "      <td>-0.468536</td>\n",
       "    </tr>\n",
       "    <tr>\n",
       "      <th>PTRATIO</th>\n",
       "      <td>0.289946</td>\n",
       "      <td>-0.391679</td>\n",
       "      <td>0.383248</td>\n",
       "      <td>-0.121515</td>\n",
       "      <td>0.188933</td>\n",
       "      <td>-0.355501</td>\n",
       "      <td>0.261515</td>\n",
       "      <td>-0.232471</td>\n",
       "      <td>0.464741</td>\n",
       "      <td>0.460853</td>\n",
       "      <td>1.000000</td>\n",
       "      <td>-0.177383</td>\n",
       "      <td>0.374044</td>\n",
       "      <td>-0.507787</td>\n",
       "    </tr>\n",
       "    <tr>\n",
       "      <th>B</th>\n",
       "      <td>-0.385064</td>\n",
       "      <td>0.175520</td>\n",
       "      <td>-0.356977</td>\n",
       "      <td>0.048788</td>\n",
       "      <td>-0.380051</td>\n",
       "      <td>0.128069</td>\n",
       "      <td>-0.273534</td>\n",
       "      <td>0.291512</td>\n",
       "      <td>-0.444413</td>\n",
       "      <td>-0.441808</td>\n",
       "      <td>-0.177383</td>\n",
       "      <td>1.000000</td>\n",
       "      <td>-0.366087</td>\n",
       "      <td>0.333461</td>\n",
       "    </tr>\n",
       "    <tr>\n",
       "      <th>LSTAT</th>\n",
       "      <td>0.455621</td>\n",
       "      <td>-0.412995</td>\n",
       "      <td>0.603800</td>\n",
       "      <td>-0.053929</td>\n",
       "      <td>0.590879</td>\n",
       "      <td>-0.613808</td>\n",
       "      <td>0.602339</td>\n",
       "      <td>-0.496996</td>\n",
       "      <td>0.488676</td>\n",
       "      <td>0.543993</td>\n",
       "      <td>0.374044</td>\n",
       "      <td>-0.366087</td>\n",
       "      <td>1.000000</td>\n",
       "      <td>-0.737663</td>\n",
       "    </tr>\n",
       "    <tr>\n",
       "      <th>MEDV</th>\n",
       "      <td>-0.388305</td>\n",
       "      <td>0.360445</td>\n",
       "      <td>-0.483725</td>\n",
       "      <td>0.175260</td>\n",
       "      <td>-0.427321</td>\n",
       "      <td>0.695360</td>\n",
       "      <td>-0.376955</td>\n",
       "      <td>0.249929</td>\n",
       "      <td>-0.381626</td>\n",
       "      <td>-0.468536</td>\n",
       "      <td>-0.507787</td>\n",
       "      <td>0.333461</td>\n",
       "      <td>-0.737663</td>\n",
       "      <td>1.000000</td>\n",
       "    </tr>\n",
       "  </tbody>\n",
       "</table>\n",
       "</div>"
      ],
      "text/plain": [
       "             CRIM        ZN     INDUS      CHAS       NOX        RM       AGE  \\\n",
       "CRIM     1.000000 -0.200469  0.406583 -0.055892  0.420972 -0.219247  0.352734   \n",
       "ZN      -0.200469  1.000000 -0.533828 -0.042697 -0.516604  0.311991 -0.569537   \n",
       "INDUS    0.406583 -0.533828  1.000000  0.062938  0.763651 -0.391676  0.644779   \n",
       "CHAS    -0.055892 -0.042697  0.062938  1.000000  0.091203  0.091251  0.086518   \n",
       "NOX      0.420972 -0.516604  0.763651  0.091203  1.000000 -0.302188  0.731470   \n",
       "RM      -0.219247  0.311991 -0.391676  0.091251 -0.302188  1.000000 -0.240265   \n",
       "AGE      0.352734 -0.569537  0.644779  0.086518  0.731470 -0.240265  1.000000   \n",
       "DIS     -0.379670  0.664408 -0.708027 -0.099176 -0.769230  0.205246 -0.747881   \n",
       "RAD      0.625505 -0.311948  0.595129 -0.007368  0.611441 -0.209847  0.456022   \n",
       "TAX      0.582764 -0.314563  0.720760 -0.035587  0.668023 -0.292048  0.506456   \n",
       "PTRATIO  0.289946 -0.391679  0.383248 -0.121515  0.188933 -0.355501  0.261515   \n",
       "B       -0.385064  0.175520 -0.356977  0.048788 -0.380051  0.128069 -0.273534   \n",
       "LSTAT    0.455621 -0.412995  0.603800 -0.053929  0.590879 -0.613808  0.602339   \n",
       "MEDV    -0.388305  0.360445 -0.483725  0.175260 -0.427321  0.695360 -0.376955   \n",
       "\n",
       "              DIS       RAD       TAX   PTRATIO         B     LSTAT      MEDV  \n",
       "CRIM    -0.379670  0.625505  0.582764  0.289946 -0.385064  0.455621 -0.388305  \n",
       "ZN       0.664408 -0.311948 -0.314563 -0.391679  0.175520 -0.412995  0.360445  \n",
       "INDUS   -0.708027  0.595129  0.720760  0.383248 -0.356977  0.603800 -0.483725  \n",
       "CHAS    -0.099176 -0.007368 -0.035587 -0.121515  0.048788 -0.053929  0.175260  \n",
       "NOX     -0.769230  0.611441  0.668023  0.188933 -0.380051  0.590879 -0.427321  \n",
       "RM       0.205246 -0.209847 -0.292048 -0.355501  0.128069 -0.613808  0.695360  \n",
       "AGE     -0.747881  0.456022  0.506456  0.261515 -0.273534  0.602339 -0.376955  \n",
       "DIS      1.000000 -0.494588 -0.534432 -0.232471  0.291512 -0.496996  0.249929  \n",
       "RAD     -0.494588  1.000000  0.910228  0.464741 -0.444413  0.488676 -0.381626  \n",
       "TAX     -0.534432  0.910228  1.000000  0.460853 -0.441808  0.543993 -0.468536  \n",
       "PTRATIO -0.232471  0.464741  0.460853  1.000000 -0.177383  0.374044 -0.507787  \n",
       "B        0.291512 -0.444413 -0.441808 -0.177383  1.000000 -0.366087  0.333461  \n",
       "LSTAT   -0.496996  0.488676  0.543993  0.374044 -0.366087  1.000000 -0.737663  \n",
       "MEDV     0.249929 -0.381626 -0.468536 -0.507787  0.333461 -0.737663  1.000000  "
      ]
     },
     "execution_count": 19,
     "metadata": {},
     "output_type": "execute_result"
    }
   ],
   "source": [
    "corr=boston_data.corr()\n",
    "corr"
   ]
  },
  {
   "cell_type": "code",
   "execution_count": 23,
   "metadata": {},
   "outputs": [
    {
     "data": {
      "text/plain": [
       "<matplotlib.axes._subplots.AxesSubplot at 0xf77fe10>"
      ]
     },
     "execution_count": 23,
     "metadata": {},
     "output_type": "execute_result"
    },
    {
     "data": {
